1 1 1.88745579068964
2 72 1.50980592939772
3 1 1.56530067289695
5 1 1.41314378355296
2 81 2.73861278752583
5 63 0.983150058834554
4 77 0.949526431773387
4 2 1.30812435274618
2 3 2.13635980008485
3 3 0.851671192573375
4 3 1.00317256134139
2 5 2.48042335096249
3 5 0.852082333931098
4 5 1.00675870818212
2 6 2.13016988378669
3 6 0.881312266786912
4 6 1.02503580744176
1 72 1.4148766380537
3 83 0.927143658528207
4 7 0.962418746196018
2 8 1.93649171613687
3 8 1.28439178942395
2 9 1.50980592939772
1 65 1.19506149065164
4 9 1.00795579280844
5 9 1.05284878576824
3 78 0.848506827836413
2 68 2.75230087017879
2 91 2.01211609312739
3 68 0.776278043948846
5 10 0.921225704788085
6 10 0.985958314802721
6 68 0.937180398585776
2 11 2.51663158377941
3 11 3.79316066795365
4 11 3.49802246847885
5 11 3.61588720983135
6 11 3.48449405101528
3 66 0.927143658528207
3 89 0.791863731652169
3 86 0.780099549359392
1 13 1.32298885618615
2 13 2.03100960115899
3 13 0.848562318881397
4 13 1.0070096629812
5 13 0.991065977669592
6 13 1.05793098503026
2 15 1.50980592939772
4 80 1.07001121376668
5 15 1.27104254625621
2 89 5.50874398450829
2 78 2.03100960115899
3 16 0.769766526129483
4 63 1.04265262563911
5 16 0.950753763512621
5 75 0.905855333800137
4 64 0.938028094293797
3 79 1.70349603292089
3 65 0.761318248862188
6 63 1.1536738600358
6 19 1.36111826372689
4 68 0.978723238901007
2 84 1.22474487139159
3 20 0.872481980543596
4 20 1.03829184438178
5 20 0.985040856298909
6 20 1.10535166376847
2 21 1.50980592939772
3 21 0.84022963472603
4 21 1.00026526636268
1 23 1.27150860596707
2 23 2.16867626053503
3 23 0.757978191523651
5 72 1.04536771255404
2 77 2.00317299762888
6 23 1.01654798715502
1 24 1.32896976080802
3 80 0.773325870410533
3 24 0.848506847472928
4 24 1.01567842630248
4 65 0.942486620826081
6 24 1.06295206900607
5 81 3.86023315358023
3 25 9.54361436079081
2 26 1.60666004144179
3 26 0.810982580527596
4 26 0.983664127760182
2 27 2.24198929635413
3 27 0.783093858104847
1 70 1.38168957722051
1 28 1.67713759702893
2 28 2.03100960115899
3 28 0.914544916919498
4 28 1.18027217954821
5 28 1.23400567259636
6 28 1.33891962182842
6 72 1.13190131101056
1 68 1.16734395614669
4 29 1.00468611445807
2 30 1.23440697442638
3 30 0.872481980543596
4 30 1.03829184438178
2 80 1.00000008333337
3 31 0.757225234027737
4 31 0.989650217586869
2 34 2.73861278752583
3 34 4.03191382769077
3 81 4.03191382769077
5 34 3.86023315358023
2 35 1.87716823393976
3 35 5.07606480381416
4 35 3.15848596450996
1 81 4.39543945385815
3 37 4.56148882913907
1 38 1.17021481179403
2 38 1.93495895959016
2 65 0.901387818865997
4 38 0.953865526263134
5 38 0.909276887573902
6 38 0.943871114533245
2 74 1.86262639848421
3 40 4.03191382769077
4 40 3.75860976983629
2 41 1.51964735415112
4 74 0.959111425188135
5 78 1.04670946684575
3 42 0.86290506391627
3 75 1.28002029418934
5 42 1.00069886154341
1 78 1.41507401037594
4 72 1.04099926077669
3 43 0.796599574988414
4 43 0.938028094293797
5 43 0.887294125776503
6 43 0.918897444382167
2 44 1.11803398874989
3 44 1.70349603292089
2 45 1.50980592939772
2 79 1.11803398874989
4 45 0.999774121019098
5 45 1.02109231444673
3 84 1.31567954237643
3 46 0.840515768116369
4 46 1.55691115510949
2 47 1.23440697442638
3 47 4.01760426307914
4 47 3.63316034465326
1 48 2.22532052140974
2 48 1.1160189024181
3 48 1.71932996586043
4 75 0.959462168469904
5 48 1.64716830391754
6 48 1.58480265195485
2 87 2.1650635094611
3 49 1.6755453916526
4 49 1.17749426042852
5 49 1.23355099049476
2 51 1.50980592939772
4 83 1.37846842976625
3 52 0.827664641058625
2 75 1.30832250647642
5 90 1.87605430448715
2 64 1.57820790889659
1 53 1379.98131861606
4 78 1.0431349635958
3 53 8.76865100835523
4 53 2.91365673100477
5 53 2907.19215935239
6 53 1380.474462147
2 54 1.22474487139159
3 90 2.24868955253493
3 64 0.796599574988414
3 55 0.78394872425553
4 55 0.994855566730255
4 84 1.0676212040422
2 57 1.36930639376292
3 57 0.869368741553612
4 57 1.04265262563911
3 87 1.72082369149637
6 57 1.1536738600358
2 58 1.5
3 72 0.844017365012124
3 91 1.69982502846028
2 86 1.30308654634711
2 60 2.73726765560309
3 60 4.03164927325332
4 60 3.75769617560211
5 60 3.85970417504506
1 63 1.38185546890767
2 63 1.36930639376292
